Server Side Rcode:

_text2E = "P2DZ_hintMini                        = {
   667 cutRsc [""zombz_hintMini"", ""PLAIN""];
   zombz_hintMini_last_title = _this select 0;
   zombz_hintMini_last_text = _this select 1;
   zombz_hintMini_color = _this select 2;
   ((uiNamespace getVariable 'zombz_hintMini') displayCtrl 9101) ctrlSetBackgroundColor zombz_hintMini_color;
   ((uiNamespace getVariable 'zombz_hintFull') displayCtrl 9101) ctrlSetStructuredText parseText(zombz_hintFull_last_text);;
   ((uiNamespace getVariable 'zombz_hintMini') displayCtrl 9102) ctrlSetStructuredText parseText(zombz_hintMini_last_title);
   ((uiNamespace getVariable 'zombz_hintMini') displayCtrl 9103) ctrlSetStructuredText parseText(zombz_hintMini_last_text);
};";
_text = [1, "rc4", _text2E, CRYPT_KEY] call fnc_crypt;

 "debug_console" callExtension format["Start: (%1) :End ~0000", str _text];


 Produces log with encrypted text in server root.

 Paste without leading quotes into dayz scripting tool and then modify the line to look like this:

 _text2D = toString [59, 205, 169, 210, 244, 39, 43, 120, 19, 202, 117, 159, 57, 234, 140, 246, 107, 94, 144, 196, 131, 84, 35, 64, 180, 107, 176, 234, 22, 60, 52, 254, 78, 52, 215, 20, 43, 208, 208, 6, 219, 170, 134, 122, 45, 17, 2, 165, 56, 217, 9, 16, 51, 222, 178, 169, 207, 6, 55, 227, 225, 6, 233, 212, 17, 191, 223, 8, 84, 60, 227, 113, 147, 127, 119, 75, 218, 232, 143, 94, 53, 208, 24, 256, 254, 12, 123, 166, 249, 254, 175, 209, 54, 203, 147, 189, 17, 227, 14, 224, 126, 243, 125, 217, 107, 19, 205, 30, 225, 238, 120, 67, 73, 111, 176, 83, 204, 58, 120, 233, 78, 146, 234, 61, 175, 247, 238, 105, 9, 111, 25, 49, 98, 24, 102, 91, 153, 78, 14, 239, 210, 94, 214, 66, 67, 35, 107, 108, 45, 242, 149, 14, 78, 30, 129, 81, 10, 217, 190, 138, 50, 14, 60, 220, 169, 186, 155, 68, 55, 67, 152, 218, 130, 2, 127, 42, 17, 69, 90, 196, 101, 145, 225, 227, 255, 168, 185, 95, 225, 202, 161, 27, 137, 253, 35, 26, 168, 185, 235, 240, 148, 97, 201, 102, 180, 182, 41, 131, 201, 50, 209, 43, 177, 57, 216, 238, 168, 98, 17, 249, 141, 170, 124, 106, 103, 164, 126, 31, 32, 202, 202, 30, 52, 206, 248, 196, 96, 170, 28, 84, 124, 222, 153, 228, 7, 170, 255, 61, 3, 204, 184, 73, 113, 146, 142, 147, 215, 85, 39, 246, 153, 184, 256, 102, 127, 83, 65, 23, 233, 147, 46, 33, 26, 32, 50, 19, 201, 199, 10, 200, 65, 129, 118, 43, 195, 144, 246, 60, 69, 189, 93, 173, 190, 70, 112, 100, 6, 192, 219, 200, 96, 117, 42, 12, 17, 125, 215, 55, 65, 225, 253, 181, 131, 104, 144, 71, 252, 162, 78, 128, 50, 239, 216, 99, 107, 198, 88, 186, 198, 170, 214, 76, 109, 123, 196, 1, 157, 63, 21, 253, 98, 28, 122, 169, 172, 147, 3, 7, 95, 203, 187, 197, 122, 19, 91, 24, 42, 111, 176, 156, 6, 41, 25, 250, 164, 135, 212, 127, 161, 35, 231, 24, 147, 62, 224, 240, 165, 130, 129, 188, 168, 117, 35, 205, 18, 225, 186, 245, 252, 146, 140, 178, 227, 55, 45, 246, 18, 160, 85, 104, 26, 37, 236, 131, 253, 176, 63, 122, 63, 114, 116, 168, 206, 182, 225, 197, 63, 51, 246, 138, 201, 185, 77, 188, 234, 170, 37, 86, 27, 141, 55, 208, 50, 194, 93, 103, 246, 187, 46, 131, 61, 84, 133, 139, 188, 136, 236, 237, 70, 135, 132, 52, 170, 183, 5, 151, 154, 92, 221, 68, 22, 197, 183, 249, 140, 2, 127, 33, 140, 45, 214, 194, 114, 10, 157, 186, 193, 131, 206, 157, 183, 188, 120, 118, 48, 134, 131, 240, 28, 103, 17, 105, 224, 138, 142, 1, 221, 182, 231, 213, 192, 32, 39, 27, 32, 221, 71, 47, 190, 194, 142, 146, 153, 105, 172, 29, 245, 108, 213, 231, 138, 43, 47, 66, 54, 63, 221, 60, 115, 164, 15, 92, 65, 157, 226, 103, 250, 19, 64, 246, 156, 48, 49, 40, 246, 135, 98, 72, 218, 172, 114, 223, 181, 5, 165, 210, 195, 111, 63, 225, 246, 61, 98, 36, 231, 191, 226, 145, 15, 208, 152, 26, 148, 164, 18, 219, 195, 10, 174, 147, 102, 93, 25, 191, 37, 55, 85, 226, 104, 247, 222, 132, 231, 69, 218, 114, 126, 73, 49, 59, 228, 104, 234, 42, 119, 25, 80, 184, 49, 127, 152, 12, 75, 92, 227, 39, 144, 207, 86, 199, 255, 230, 160, 182, 251, 41, 125, 47, 88, 138, 12, 141, 148, 102, 137, 35, 212, 252, 245, 122, 208, 10, 246, 10, 209, 65, 48, 36, 242, 111, 221, 186, 78, 50, 38, 9, 66, 255, 111, 97, 113, 110, 47, 24, 213, 119, 177, 116, 128, 101, 176, 67, 165, 12, 198, 168, 37, 220, 115, 75, 153, 194, 241, 243, 65, 198, 27, 78, 234, 241, 70, 95, 144, 10, 46, 92, 82, 154, 117, 56, 196, 243, 17, 253, 117];


decrypt that text client side with the proper encryption key, then compile it to run it